100
81 158 71 -7 85 50 167 -1 81 100 189 193 53 181 66 95 78 82 130 109 128 31 -20 66 136 16 108 170 166 -1 139 182 36 0 67 27 197 37 148 198 166 186 -7 168 168 153 168 29 86 33 42 109 207 29 113 -1 51 145 -4 110 67 38 -8 -13 68 31 108 62 70 89 166 177 150 -14 153 13 184 59 142 28 82 110 -20 112 32 84 -18 32 199 169 124 196 22 140 180 168 206 -8 73 26
-7 178 184 193 168 18 191 186 60 89 31 2 132 195 166 102 19 135 -7 23 43 67 49 -13 66 107 114 194 41 117 59 114 141 141 11 101 -17 209 19 6 113 179 50 -10 140 11 26 129 40 194 15 77 150 82 192 197 13 171 205 79 153 184 109 -21 -17 196 120 81 5 115 185 -7 68 20 102 183 157 41 74 209 30 74 110 200 207 129 209 121 149 7 14 -9 138 49 165 64 6 44 148 23
40 163 112 6 6 86 22 62 8 168 53 106 70 195 209 168 203 107 99 5 168 99 94 183 -19 81 176 178 133 115 40 143 203 29 150 130 185 37 96 138 74 194 158 91 40 164 30 -10 17 108 109 91 79 91 162 59 165 91 -20 108 198 32 65 207 202 203 107 125 104 108 31 150 196 138 176 138 46 161 181 162 101 123 16 2 47 94 76 176 192 117 122 75 179 102 165 48 186 71 -19 126
165 142 125 68 173 125 126 74 177 30 139 146 106 17 60 82 107 -11 198 163 195 156 129 137 200 20 77 -15 122 68 90 38 91 -20 107 26 118 175 15 138 -13 77 125 26 186 109 126 130 32 98 139 130 94 53 91 178 142 144 82 62 205 90 195 77 131 71 124 106 88 60 172 32 141 186 167 147 206 139 46 11 120 -1 26 126 106 114 113 173 123 106 11 154 182 165 93 192 97 0 136 16
208 87 29 160 -14 5 5 204 -1 8 75 6 89 170 203 175 39 26 125 -18 13 170 27 -5 150 198 136 199 24 95 -16 77 102 15 2 71 24 159 73 77 166 203 94 169 191 138 193 139 45 106 -4 3 201 32 36 45 82 152 2 92 10 153 64 129 172 105 133 108 196 -5 82 139 115 21 154 17 199 148 4 77 28 131 130 -9 38 113 35 14 151 -2 43 -14 122 120 182 93 193 121 70 76
44 10 193 169 64 29 131 164 41 168 103 128 36 36 64 27 158 148 48 -7 32 166 79 203 -14 31 38 86 -17 81 174 -16 87 202 94 72 25 77 33 146 30 122 -9 92 102 84 136 125 123 98 41 -3 70 36 161 68 207 196 95 40 1 105 115 118 107 36 100 -21 12 74 104 96 26 67 95 107 -6 167 209 170 169 47 0 71 173 54 132 122 157 207 64 163 7 184 198 47 25 72 168 175
182 122 196 196 154 63 17 78 11 200 79 1 -12 47 78 12 158 201 116 125 164 74 -21 47 -18 -6 2 58 -20 198 106 138 197 62 130 118 156 141 102 11 139 167 157 149 79 -10 45 43 139 146 52 21 22 7 119 -10 73 24 108 13 193 59 68 -14 71 132 180 68 140 93 83 113 174 36 92 53 135 98 142 195 -1 142 116 79 179 130 170 205 155 77 14 188 209 74 130 129 168 202 15 -10
91 161 -9 1 195 77 83 8 -5 91 40 62 90 195 64 119 165 -3 155 78 118 167 125 54 -13 177 6 184 201 106 30 61 89 122 95 47 77 118 3 158 101 191 206 31 129 122 35 17 87 159 20 164 145 120 201 100 111 141 193 199 53 124 54 -13 52 164 123 208 -15 152 119 146 148 115 156 5 100 172 -17 7 143 144 61 114 87 43 64 123 49 195 23 110 14 48 137 -3 167 86 160 145
69 180 68 -3 17 104 173 151 119 198 104 36 126 198 178 39 105 83 145 -21 109 183 70 168 169 91 131 34 139 144 95 112 36 22 151 138 151 39 25 127 58 96 191 181 207 142 205 125 -2 163 124 25 27 -8 121 137 -21 95 32 96 -19 122 193 163 181 -10 52 202 -6 178 80 182 130 134 95 -14 100 70 142 68 114 164 38 156 6 198 79 19 206 170 133 169 123 179 139 190 183 198 135 119
24 13 112 60 93 175 25 131 172 -12 34 8 87 -17 97 11 96 43 124 202 155 -11 63 4 41 195 64 37 5 155 183 139 76 83 77 107 127 33 -16 198 187 175 73 111 80 -19 159 1 207 31 143 180 180 61 123 63 56 179 88 -21 29 151 183 -18 168 171 91 10 12 70 73 50 17 132 140 160 96 -19 101 28 -10 171 32 111 200 200 35 123 90 25 129 185 207 63 120 44 53 157 81 144
170 204 16 28 76 60 8 57 69 157 169 204 30 144 203 194 57 8 84 29 59 111 7 110 116 162 123 52 -5 62 194 47 12 -16 31 172 183 104 21 181 93 89 129 161 58 73 181 96 122 -14 110 82 110 162 3 173 74 173 133 71 138 156 39 100 29 125 -1 -17 188 70 148 39 0 127 48 -21 111 -10 68 24 12 155 56 196 23 133 51 4 25 99 192 34 72 85 41 26 39 59 4 14
-21 -14 91 77 158 185 25 105 34 192 -8 196 6 193 56 194 108 87 132 -8 165 34 93 -15 -19 89 129 85 -4 16 205 93 -7 170 195 97 207 6 180 17 163 -5 209 64 196 104 22 3 123 -9 190 3 46 116 45 87 124 89 206 89 192 12 89 -14 146 91 61 20 147 79 -16 158 4 42 204 165 162 37 87 176 207 99 11 159 128 -1 176 48 90 -18 72 53 168 40 72 73 130 33 115 109
9 18 207 14 130 201 -16 44 190 198 53 -18 57 112 96 91 72 208 157 40 163 172 57 181 114 4 157 151 22 111 48 132 96 46 -3 190 203 -2 91 118 25 -21 68 120 42 16 15 104 117 78 55 -19 139 112 156 -12 -17 129 116 150 108 -9 146 108 62 43 41 79 51 -5 -13 181 121 130 16 141 72 73 27 47 40 166 156 56 95 98 181 115 140 54 205 13 -21 18 42 128 38 42 71 50
-11 83 207 -8 38 8 13 191 143 -17 61 101 56 132 40 110 67 20 67 124 18 50 17 82 -8 10 157 103 144 75 1 41 121 203 131 123 203 172 184 31 82 82 157 17 157 176 112 45 113 157 178 20 170 -7 89 135 11 200 209 133 142 135 16 163 75 207 133 161 11 174 64 44 -12 -17 101 52 75 96 16 119 137 25 206 87 194 158 162 -7 135 114 -17 135 25 46 54 151 108 133 73 93
142 14 4 21 5 47 126 -11 52 82 16 112 178 1 25 68 24 85 118 196 119 82 168 188 195 203 89 82 38 149 182 78 46 111 98 15 50 105 84 70 9 100 115 29 7 184 18 19 192 -11 129 -21 24 79 127 68 88 142 160 193 35 -21 41 160 33 93 146 121 127 153 179 31 115 180 158 35 95 132 147 13 41 3 68 53 16 108 113 188 197 140 69 -5 106 149 165 86 157 160 130 3
177 158 176 66 139 155 7 41 128 132 134 92 191 27 177 59 62 83 155 126 96 64 198 41 167 82 27 49 -21 202 119 200 193 157 101 162 189 40 10 136 7 27 151 199 8 122 146 -3 -4 -21 56 93 153 172 198 91 92 200 144 157 41 110 107 -14 135 33 81 109 10 -12 180 189 88 140 102 203 65 33 198 10 156 113 71 -14 43 35 45 194 193 165 50 32 207 45 29 75 70 -14 140 13
74 66 56 10 98 24 122 174 143 160 191 120 201 33 154 188 -15 52 -15 139 129 63 125 90 103 125 14 7 166 60 -20 107 25 175 126 -11 108 173 193 97 118 -2 -17 15 144 200 115 204 31 150 77 64 86 2 59 180 136 98 37 193 106 202 187 92 93 187 -8 -13 18 172 3 81 179 0 -18 132 164 7 87 76 193 15 53 48 124 106 63 20 78 19 144 12 -5 143 131 208 100 54 65 95
84 64 191 5 35 9 112 197 146 76 -10 31 177 116 151 123 132 191 198 168 100 24 42 108 32 85 171 29 159 14 93 4 7 127 -11 18 -11 142 91 165 17 205 32 76 33 89 130 128 47 34 11 14 126 189 205 59 168 87 204 179 132 172 51 179 18 -5 107 195 39 149 82 20 3 17 13 109 207 86 150 157 200 80 76 -10 -3 79 22 165 27 167 -5 52 35 33 25 -10 40 58 194 61
-14 201 127 59 193 207 96 186 176 178 3 188 67 -10 121 37 132 87 4 25 10 -12 -6 177 123 129 4 191 64 113 -8 57 95 -15 115 93 154 50 37 193 199 60 201 200 94 145 205 124 165 81 -5 -8 137 130 205 86 166 23 76 109 15 149 146 196 161 193 86 17 -7 98 -18 71 192 131 119 188 139 -6 148 86 104 172 33 205 148 12 136 -9 119 -4 138 74 205 101 17 24 7 168 199 40
163 -6 162 99 -12 136 131 81 62 111 43 200 155 -19 151 120 98 136 46 124 168 15 131 154 171 159 185 51 121 27 99 66 174 118 165 15 39 207 149 102 176 17 162 41 24 66 -11 40 55 204 131 177 30 -18 37 50 126 71 41 32 95 88 52 85 204 35 196 147 -19 98 -16 -17 -17 32 25 193 155 -13 77 -2 100 39 101 141 156 60 40 123 194 -19 138 205 208 -9 98 103 67 51 46 120
79 76 -11 83 162 45 101 198 7 115 173 131 204 54 148 -13 185 18 3 -17 117 165 204 194 102 185 16 50 111 154 68 124 176 15 38 154 183 6 175 183 59 92 18 23 202 40 71 93 164 45 34 18 76 18 69 183 11 -16 194 125 58 146 70 75 37 37 26 147 -9 85 23 67 159 148 78 169 133 144 166 -15 111 23 36 9 1 148 116 138 85 159 136 17 137 60 78 -20 184 55 199 -10
17 172 202 -9 24 133 91 -5 82 201 76 166 170 66 87 141 48 189 136 177 52 202 204 41 134 38 57 200 15 199 0 174 126 74 206 46 197 170 -5 -10 128 123 116 96 171 0 196 98 188 28 -8 170 153 7 182 142 205 158 103 182 -15 7 117 11 112 89 57 138 157 181 36 193 4 204 152 204 7 -18 187 77 119 17 -7 97 7 135 53 94 10 108 153 184 62 0 181 5 173 59 104 162
70 199 -1 25 186 79 165 62 -16 125 163 175 109 -21 36 102 144 -7 140 167 141 42 3 2 -10 -4 -7 186 5 50 38 152 195 123 71 31 -14 57 5 152 28 177 109 71 170 150 159 2 38 100 109 126 24 -7 131 200 184 177 -5 104 62 206 -13 144 154 166 41 192 95 108 66 50 117 42 183 187 50 -1 -4 200 42 60 88 73 144 10 -11 23 195 11 80 147 114 -11 192 157 66 19 123 54
99 24 138 185 58 32 64 70 126 139 180 146 138 75 -20 203 11 183 136 139 55 94 132 128 81 172 144 81 68 152 100 121 204 84 97 150 27 82 181 39 173 101 112 -13 -16 51 81 201 138 19 92 182 -14 50 156 70 40 62 40 89 105 -15 181 62 186 110 112 36 0 132 105 -19 105 19 166 84 -8 181 188 -10 65 -10 119 3 23 100 125 33 78 151 114 199 97 31 161 10 29 22 60 176
124 189 128 15 74 34 83 37 109 134 180 13 167 71 160 169 185 75 113 54 27 72 191 137 164 167 2 126 15 -18 198 86 104 -2 166 130 28 155 157 74 83 142 95 76 206 44 57 140 142 -16 17 148 93 164 103 -10 109 -4 18 -1 121 203 77 4 -14 78 200 65 20 150 -8 56 -20 97 15 47 144 19 40 38 103 89 -8 209 195 62 108 209 48 123 101 67 6 44 141 207 -17 171 146 182
162 142 23 129 25 9 117 -12 173 96 -8 58 180 71 -12 54 72 83 -21 111 -2 -14 149 182 -21 35 42 96 190 6 99 85 143 153 207 182 143 27 98 22 34 134 89 185 112 86 167 126 92 56 108 179 15 -2 4 7 -21 97 13 176 207 37 47 139 157 184 -10 -2 159 194 21 104 204 195 28 7 163 17 201 162 149 156 129 150 16 62 129 106 104 23 30 58 156 102 97 -14 63 107 -14 135
74 80 -17 64 153 12 171 33 97 196 149 180 136 92 188 123 4 114 25 91 54 197 50 67 24 174 11 -21 125 9 186 120 31 26 47 83 68 168 198 172 170 176 41 51 139 147 67 154 -9 51 55 137 181 46 76 103 80 110 80 -3 176 204 60 119 1 61 87 53 107 66 32 177 67 191 121 43 54 177 121 127 125 38 71 195 139 27 202 13 150 80 196 -11 77 178 88 184 52 172 152 -13
-19 63 4 50 26 172 176 134 95 199 132 131 -10 111 204 26 15 185 22 206 -7 21 154 65 48 24 86 101 149 -1 129 85 58 25 95 102 121 3 14 181 29 -7 46 -1 119 192 -3 12 56 103 174 95 30 5 135 134 13 114 122 84 142 136 124 -20 155 55 110 68 67 72 181 -15 73 86 52 17 119 137 49 169 34 148 167 20 162 14 62 174 96 -15 32 107 150 98 151 84 25 101 119 97
128 96 -1 192 198 115 4 -13 -7 -12 194 100 99 103 148 50 130 186 27 132 69 15 46 28 130 -3 78 38 145 180 67 124 125 142 180 203 161 47 153 27 205 86 204 139 97 127 187 128 154 15 121 141 198 177 138 -11 116 179 56 55 163 131 -20 42 13 -15 63 124 45 20 96 103 145 147 181 209 2 166 24 -3 46 196 80 20 10 145 87 14 207 75 142 109 51 114 75 101 48 147 209 174
-9 27 38 108 166 -17 150 5 138 127 -14 208 178 28 45 22 103 36 -19 64 48 108 193 150 -20 80 187 13 76 193 8 94 -14 128 22 164 14 175 55 199 9 25 33 186 84 168 136 99 33 122 -10 123 122 118 114 190 -19 122 8 1 70 93 82 96 -17 190 82 86 43 99 8 127 62 176 128 188 178 209 10 139 -6 182 16 204 120 14 203 129 92 44 83 63 -20 197 179 171 53 45 158 168
129 132 174 188 33 -16 141 128 149 121 64 38 79 -10 27 20 144 60 151 13 136 194 136 184 112 45 58 -15 158 -8 51 121 127 141 44 69 108 141 188 184 -2 188 -12 3 172 3 32 11 142 73 -8 43 88 58 32 103 158 109 205 147 112 3 119 95 204 114 127 204 174 3 57 46 151 166 -10 10 106 74 70 119 9 56 -2 124 199 38 169 112 138 71 21 108 38 129 189 9 -17 189 140 -12
67 108 104 -11 156 137 34 185 179 193 61 115 77 127 51 134 168 93 -15 58 122 75 -18 -18 81 18 -5 79 81 102 30 199 30 142 102 144 209 156 41 207 94 169 40 205 -15 133 70 192 -8 177 207 64 111 161 108 40 197 127 208 57 127 116 193 36 98 145 111 43 -9 191 196 191 159 60 207 151 138 142 187 205 166 117 169 127 30 161 95 4 174 12 30 90 60 205 199 158 135 144 20 -1
20 119 91 83 170 -5 98 115 147 107 108 38 26 7 75 -12 36 166 -1 6 181 12 -14 165 192 178 155 57 123 166 65 66 151 189 47 138 150 171 65 79 -14 55 178 65 21 107 87 157 130 205 130 -5 111 126 -1 36 137 88 206 117 158 121 189 113 6 29 164 -17 -17 72 74 -14 42 116 16 89 202 90 198 59 201 114 82 131 51 172 185 156 173 27 14 104 46 56 83 147 195 100 97 168
92 -12 127 142 118 69 -20 96 -9 159 138 73 122 10 10 102 204 -11 -12 -7 -5 146 124 161 179 131 37 56 102 195 92 0 136 190 191 150 10 157 152 91 98 127 205 100 10 200 97 17 -10 153 -4 127 119 127 104 114 24 82 113 129 202 181 64 128 67 0 70 7 -9 188 -20 7 191 185 158 5 28 73 185 129 66 22 183 0 149 143 167 75 162 -19 169 96 -3 1 135 8 17 86 89 3
106 207 89 114 84 164 122 50 107 86 -17 -19 171 110 82 205 202 42 84 76 195 -12 127 106 24 209 197 133 44 147 90 -9 115 142 64 68 36 32 -10 187 184 -8 99 140 159 99 -2 53 122 201 48 34 189 79 164 110 89 103 110 -2 116 2 205 132 15 208 191 32 81 127 180 16 152 -18 166 35 151 -2 -5 97 49 -18 199 -8 -19 194 207 58 164 33 110 98 2 140 136 60 125 137 166 38
125 27 41 88 189 128 130 87 54 8 36 208 95 137 78 170 -3 154 151 206 72 161 91 161 203 124 41 94 91 198 25 181 35 96 23 139 123 176 -18 126 25 197 121 176 25 56 102 53 81 115 68 122 47 39 116 28 -19 183 85 91 72 96 176 59 87 29 125 148 13 24 132 47 71 42 143 190 27 127 52 170 -17 78 48 68 -18 104 209 17 141 107 2 35 78 48 19 160 152 38 86 166
35 9 62 130 195 14 191 136 130 86 84 136 64 198 113 141 161 198 -8 98 116 58 122 160 201 84 195 183 48 22 51 23 206 162 85 62 60 85 163 -1 174 156 139 197 -15 48 105 121 188 138 181 126 194 121 154 177 127 148 132 98 106 120 35 143 36 -1 60 47 109 65 196 143 194 27 125 93 67 63 106 118 167 147 139 156 95 174 105 49 64 11 59 130 39 39 76 6 164 21 147 145
64 155 -5 76 176 176 76 43 52 63 -17 -20 0 90 35 44 52 76 122 90 157 103 145 64 54 66 146 16 166 37 116 77 170 41 27 170 10 113 -1 -2 132 105 46 88 94 192 121 98 191 57 192 94 70 -8 133 103 146 36 6 4 91 169 44 131 109 178 22 75 20 205 -16 145 158 1 67 101 156 149 125 175 29 -11 -10 52 -14 130 198 19 142 207 63 50 33 115 25 121 154 82 188 20
38 190 176 -10 108 -15 58 109 87 -19 5 92 85 18 208 139 198 107 -14 79 138 102 154 85 79 -18 200 176 88 -3 10 115 -10 117 24 97 -6 107 41 87 97 -1 136 -9 140 -18 134 80 201 37 106 5 47 3 109 75 174 3 126 140 132 104 111 205 167 198 199 -13 94 208 156 112 189 38 150 99 117 172 153 86 86 179 191 194 204 192 109 54 198 8 196 -1 134 196 168 139 191 141 158 12
19 29 153 60 36 53 163 1 154 106 128 -5 47 86 117 72 -7 69 141 11 190 103 -6 140 44 205 146 134 25 145 176 179 126 102 -21 178 65 106 169 45 -18 164 131 25 16 121 169 -1 205 35 95 159 24 120 206 182 123 17 115 77 55 185 188 93 203 112 197 129 165 69 76 98 24 16 120 78 50 168 13 125 8 56 62 91 3 146 66 -8 132 80 193 128 154 61 88 157 109 148 -3 179
6 190 151 49 184 41 51 102 97 99 -3 153 120 98 144 159 39 142 146 187 8 -13 42 139 98 30 67 120 181 31 205 165 56 200 19 174 46 198 -14 -20 83 103 88 64 147 98 105 161 -6 199 40 91 154 136 -10 13 -11 42 28 191 127 47 26 -2 79 173 150 139 179 167 115 46 13 187 204 194 202 43 -14 23 65 153 146 54 160 54 152 25 -7 83 125 4 30 71 128 -1 29 16 -2 135
157 110 33 177 70 6 -18 128 54 151 45 64 172 194 140 69 161 83 -21 50 65 144 -16 192 131 188 123 39 -10 -16 196 5 114 189 102 84 171 163 71 87 77 146 120 13 154 62 34 155 119 167 208 27 24 91 168 114 21 126 102 75 68 17 63 155 170 40 84 85 32 104 -13 66 15 27 19 -5 66 -1 29 37 145 161 19 17 119 170 -11 125 117 55 105 24 23 -21 146 86 -3 54 50 178
167 87 -10 167 139 23 68 81 198 175 -14 131 69 152 65 136 153 193 155 153 62 60 124 172 46 200 139 105 142 60 207 125 134 146 62 91 203 54 100 121 19 145 -20 169 7 83 180 172 29 53 183 -12 120 188 29 96 179 99 17 6 -19 62 176 133 95 -20 71 144 109 122 72 18 -20 59 147 -10 141 43 33 23 185 196 79 191 40 27 105 201 131 1 130 16 6 -1 160 85 124 142 77 151
97 51 159 208 100 8 166 86 76 10 173 173 134 150 57 19 41 1 82 53 26 138 35 96 78 102 139 130 145 12 162 134 143 -15 174 143 34 43 171 25 126 -3 135 180 166 124 198 141 149 201 197 104 117 27 91 16 42 47 114 140 154 94 162 182 208 43 9 110 91 87 156 47 136 98 66 165 45 53 23 -18 132 133 152 85 170 197 29 28 -16 37 103 121 8 148 207 100 103 15 148 102
79 13 65 112 174 -4 179 91 7 55 37 153 104 123 87 202 0 46 47 143 27 119 140 87 64 31 101 65 157 109 20 76 138 87 29 63 152 105 -1 22 117 81 46 107 70 169 2 103 205 119 89 76 117 206 157 -5 77 60 82 192 130 -3 143 209 63 -14 6 -17 123 79 142 96 125 42 69 95 76 -11 32 151 25 118 127 117 209 198 -17 187 162 -2 147 24 -10 48 -5 93 125 132 26 86
30 74 48 161 206 80 53 139 168 194 129 121 133 181 170 187 157 159 184 197 60 70 157 153 -18 113 87 141 26 51 50 94 151 59 59 91 203 74 50 125 41 16 45 165 47 -9 153 167 9 186 92 202 0 71 192 149 45 32 116 20 42 104 -1 186 182 172 147 130 13 162 8 35 200 25 141 -3 92 -14 4 91 49 8 113 45 43 14 3 15 -21 121 15 119 114 111 166 106 179 105 -21 142
13 172 169 82 1 -13 12 152 184 106 -18 136 201 80 53 77 50 -19 120 166 183 151 202 12 23 39 61 101 80 -6 44 146 123 97 140 102 122 80 166 44 172 196 -9 162 89 137 12 17 173 114 193 184 98 104 33 5 96 199 209 31 17 43 123 136 159 -9 -1 125 31 -3 35 3 192 9 59 161 1 10 168 52 -12 206 178 32 30 126 138 92 -8 156 134 88 31 130 57 0 8 169 -18 183
37 193 -14 188 -10 97 137 184 12 60 76 105 53 83 182 27 57 163 201 71 132 -4 74 192 16 187 65 66 28 -14 147 112 47 150 99 42 135 134 117 99 43 85 125 115 133 140 150 174 78 60 121 29 119 61 155 176 90 34 182 157 143 123 164 193 196 135 139 38 197 195 98 161 116 153 1 191 127 -9 79 139 2 86 -11 -5 174 153 3 72 179 -1 62 189 189 118 15 20 123 79 26 81
6 19 77 25 124 184 205 83 102 177 -9 188 207 119 78 9 108 -6 115 51 144 181 32 162 192 203 78 87 65 151 140 115 194 -14 -15 14 -4 -19 6 48 150 127 6 32 160 43 78 -1 205 -9 35 27 96 32 116 31 22 25 31 52 24 -9 143 80 2 -20 192 59 78 120 116 141 131 109 89 80 -5 -10 160 94 2 7 149 131 206 100 166 68 208 43 62 97 134 -6 153 187 82 70 164 182
5 159 148 165 153 200 140 143 112 113 202 202 131 11 33 164 -15 35 104 -10 -6 186 21 95 206 183 113 206 89 29 179 138 53 -14 203 193 195 178 23 192 37 110 82 173 135 135 76 204 134 183 57 102 193 150 196 -18 68 82 115 97 111 34 74 190 156 53 121 10 6 0 -5 37 68 177 84 163 4 3 116 23 61 -11 183 159 178 82 46 73 134 181 43 27 153 30 80 194 160 166 35 25
137 152 4 92 -17 62 30 83 181 32 139 156 144 133 204 -7 202 39 100 -1 24 175 112 16 40 64 168 188 56 180 24 119 201 200 -19 200 -16 71 -14 150 86 139 187 53 55 28 -11 73 134 48 147 -6 46 77 26 162 42 165 68 168 54 117 79 67 -4 -3 193 33 80 96 188 132 112 -18 86 93 7 37 103 76 -5 85 21 58 172 140 -14 119 84 -14 200 74 206 72 43 149 17 59 165 62
66 64 71 64 22 115 143 52 14 79 198 134 148 149 191 194 148 82 44 33 178 154 69 0 79 133 99 71 173 86 119 151 -12 206 -13 160 133 12 107 138 67 71 49 45 190 126 95 72 141 77 91 81 69 68 184 -5 -4 151 94 71 190 159 69 60 46 171 92 -21 36 132 87 126 94 65 -12 37 181 19 83 111 100 171 123 0 76 147 199 46 175 117 34 157 127 77 54 4 93 125 87 166
177 25 49 132 18 111 127 184 110 1 84 62 121 94 87 199 114 19 90 125 90 81 24 134 197 46 100 -7 205 143 107 173 89 2 5 18 169 167 142 204 199 2 2 -18 45 12 163 155 193 159 94 1 87 47 73 159 40 147 35 166 32 48 79 35 116 146 113 81 144 63 39 190 -19 106 157 64 25 174 198 54 16 142 147 175 119 65 36 28 8 168 79 3 90 133 157 184 163 104 101 25
96 206 17 -6 0 191 32 127 178 -6 37 9 148 180 10 165 140 -13 187 117 202 -12 192 -5 46 26 158 89 131 101 127 79 80 43 169 195 29 14 59 105 66 172 82 -7 74 145 101 176 -21 129 100 145 104 35 59 140 147 199 51 119 48 -16 62 30 -19 59 41 27 54 90 153 87 161 170 43 59 173 196 -7 78 10 74 106 174 124 91 61 21 94 141 56 36 11 -8 140 167 110 194 37 135
61 112 99 203 155 146 61 171 175 5 58 112 -9 42 168 205 125 182 58 101 21 180 67 126 73 174 150 129 -20 98 0 93 35 207 50 -15 184 162 97 173 92 -6 61 157 188 186 50 102 203 91 -10 104 31 53 111 5 118 123 112 75 -17 35 134 56 47 96 98 37 11 40 28 90 -3 192 175 101 172 200 25 145 174 11 119 62 160 113 57 193 -8 193 125 106 32 199 126 7 2 60 41 180
83 35 114 196 40 135 180 -5 44 -16 36 47 134 40 147 175 60 196 190 147 155 197 155 182 49 109 -12 76 67 13 186 -20 102 2 52 144 0 132 149 161 17 197 135 208 -2 197 19 160 126 86 125 62 205 89 44 136 31 12 128 45 112 185 5 -12 51 203 74 26 48 165 78 37 -20 135 174 43 61 132 195 -12 31 57 37 128 157 26 127 101 0 78 76 136 3 6 171 91 23 46 -15 27
115 142 61 107 116 142 51 24 84 138 10 -16 154 144 123 52 92 5 32 156 141 63 105 131 134 89 -7 110 71 101 51 133 132 125 70 -5 21 99 19 148 156 190 146 17 91 129 89 202 158 25 41 203 88 47 21 154 12 18 181 39 156 173 40 36 139 53 -6 60 72 26 116 60 16 105 -3 142 165 41 55 152 109 180 80 43 98 69 -14 157 187 51 112 85 67 17 91 166 6 75 160 15
115 60 34 165 63 -20 167 36 85 101 166 208 146 142 92 85 15 57 70 -4 76 41 128 117 164 163 183 -18 192 113 39 85 32 66 46 198 185 107 33 -19 184 144 99 107 80 16 63 135 111 180 70 -1 177 173 87 25 62 61 13 174 47 107 174 118 166 5 34 1 131 -1 39 41 100 30 66 131 33 24 10 33 74 111 14 88 155 84 36 17 58 75 91 191 39 115 -16 87 13 17 128 147
96 -17 148 65 187 54 193 186 173 136 35 105 192 179 7 143 65 119 138 24 94 90 129 23 123 82 63 172 207 112 86 -4 72 128 11 136 187 104 138 148 184 100 116 93 142 140 179 6 -11 184 145 25 105 125 96 121 104 134 130 50 85 115 153 11 168 203 -3 173 52 146 153 171 135 156 76 119 107 140 71 154 183 26 155 42 39 135 17 106 66 4 -5 49 -9 47 4 27 173 -15 36 27
81 31 171 40 -5 149 3 109 185 7 95 138 4 102 122 3 32 134 51 98 34 43 71 64 58 147 86 157 96 177 184 135 61 125 172 147 151 -7 109 117 159 152 8 35 124 157 106 26 172 202 114 0 -16 182 163 82 14 57 198 94 35 27 151 60 44 55 23 57 -2 170 199 101 199 45 61 -19 160 184 42 18 37 161 40 110 38 94 53 100 201 85 74 69 136 108 40 27 115 70 137 102
204 39 185 26 131 142 114 179 36 79 90 151 40 17 202 36 187 77 207 189 170 22 7 37 49 70 -13 105 198 112 135 164 123 122 193 201 109 -1 42 68 14 207 192 40 148 54 148 167 -9 -11 32 -6 -14 82 37 35 18 165 108 72 200 182 116 22 117 185 58 59 196 -20 156 118 93 68 1 124 40 202 91 106 40 16 173 144 173 200 39 107 200 151 202 134 127 100 88 -9 133 78 113 0
52 209 159 185 185 110 202 1 97 48 194 62 79 62 182 139 6 114 -21 143 41 0 48 103 127 74 141 57 -17 38 98 24 156 154 112 195 34 88 165 135 177 82 55 208 124 -20 -14 53 203 160 103 16 154 5 -2 118 21 167 9 69 202 39 180 173 87 69 141 73 121 122 -9 91 13 181 165 127 160 181 136 26 13 64 144 137 184 130 92 155 202 78 138 161 185 164 77 -19 186 175 63 103
116 61 3 46 39 7 105 -3 149 172 52 39 149 131 -2 26 189 65 130 117 88 204 161 6 175 169 37 111 29 127 -10 28 110 91 148 190 144 131 -8 181 10 117 167 124 133 33 160 188 98 193 53 -1 150 111 65 147 37 67 160 180 128 61 43 42 49 -18 171 121 82 182 128 192 153 187 71 152 120 156 126 156 90 139 97 37 21 185 -10 18 96 -2 200 144 109 134 162 68 72 -9 183 44
15 155 208 44 14 160 4 53 178 86 146 21 128 126 -14 7 18 196 136 187 106 62 94 161 122 152 40 -15 186 23 165 162 154 133 159 193 66 51 141 157 190 15 187 201 97 35 -14 185 73 95 200 88 -2 102 209 31 97 -10 155 -5 42 20 72 135 125 -11 76 156 49 86 36 12 -2 28 80 194 116 138 30 -7 207 62 109 15 104 18 50 18 34 129 82 117 88 170 114 71 72 34 38 116
17 6 27 142 103 -9 202 14 79 4 64 -18 201 60 170 144 105 66 105 98 193 0 108 9 97 -11 198 24 74 168 175 170 208 -12 146 106 130 77 150 90 38 168 65 123 43 201 201 35 161 84 159 162 204 -13 0 119 67 154 -4 93 182 146 123 121 84 -7 185 41 145 -9 59 10 115 18 126 196 197 191 60 55 186 179 169 54 150 16 189 166 49 205 26 -4 122 161 17 174 165 67 202 40
119 87 59 207 112 189 55 166 68 -8 73 32 110 17 50 3 55 138 165 208 169 144 98 198 31 200 173 134 109 204 186 128 74 144 178 50 40 163 -16 184 10 77 116 109 165 54 155 37 9 71 47 168 30 67 105 147 9 191 62 209 105 128 110 -9 23 105 148 92 155 -2 183 59 160 142 203 107 121 183 -5 130 36 50 197 87 1 152 50 -14 37 196 89 165 -9 145 207 134 195 167 -6 97
-20 188 123 8 81 -9 74 199 72 60 -9 149 191 72 127 90 33 59 146 189 94 121 179 158 180 86 201 31 193 106 158 136 139 35 30 115 160 89 -21 22 205 53 76 186 -13 10 -7 118 203 184 163 114 50 133 168 -10 43 85 20 168 93 117 81 149 73 -5 203 138 199 191 63 146 129 34 112 64 156 80 143 170 32 178 155 205 93 117 66 27 127 93 172 41 82 61 81 134 -5 -16 125 162
208 6 172 16 97 15 93 46 192 196 155 21 142 36 -9 30 36 10 187 83 206 166 61 164 77 82 162 6 107 148 188 26 18 75 169 182 178 194 186 92 110 144 133 115 89 122 162 54 9 194 97 120 3 12 45 130 96 51 4 126 170 82 -12 189 45 130 -17 173 164 5 186 91 -7 141 182 83 159 22 4 153 140 193 73 156 62 118 193 110 65 154 161 90 107 67 44 136 109 100 127 195
62 155 94 192 191 168 203 94 16 121 88 158 185 24 3 -1 194 99 100 111 48 91 85 90 86 25 193 174 69 -4 127 198 205 192 82 129 170 173 18 116 67 158 178 181 39 170 -17 100 159 33 15 34 165 80 71 175 51 37 -20 171 82 166 29 8 -11 198 86 54 145 68 183 101 178 169 170 167 103 160 198 100 72 179 81 201 164 191 162 140 9 30 67 54 107 161 0 18 79 89 107 43
169 160 148 127 57 187 0 144 77 186 -14 168 153 -5 -5 68 119 123 144 59 56 151 -16 141 88 -8 50 167 121 32 5 -9 137 141 38 -16 175 192 36 27 129 195 140 4 25 -17 196 -2 112 176 37 170 124 110 -5 -8 184 -9 113 106 22 97 121 -3 41 141 59 141 125 126 78 141 138 100 154 22 82 130 39 103 123 49 85 28 43 77 10 142 119 176 36 106 120 143 90 185 46 18 165 186
198 122 168 110 151 68 6 74 172 9 -19 114 2 -7 149 137 179 209 23 172 -14 49 86 93 81 103 35 186 205 8 180 208 124 92 175 95 199 145 38 76 149 104 151 129 175 72 112 162 100 86 -18 71 129 -16 10 84 124 -7 146 100 74 179 207 180 190 -16 90 98 101 169 45 84 117 21 123 74 110 169 174 59 19 189 111 138 192 176 13 0 171 190 128 90 -11 183 -19 115 38 54 65 -8
203 -4 91 51 1 180 61 103 153 47 25 94 193 8 3 134 204 90 3 52 184 36 72 97 105 147 3 56 77 94 26 204 -12 77 181 -11 63 127 192 151 113 187 170 104 42 -20 54 99 20 188 32 53 -6 -4 205 165 68 122 -16 163 86 153 26 20 54 166 55 110 209 108 196 37 133 5 57 50 -15 169 89 97 152 41 102 -10 119 21 -5 41 187 98 14 191 -14 47 68 186 14 6 96 71
153 54 79 136 129 122 -8 180 49 158 102 103 15 7 173 121 206 153 152 158 -3 183 84 -1 42 143 5 33 7 126 3 48 41 142 108 128 202 -6 124 175 160 78 8 23 -3 193 12 119 149 40 96 199 78 0 158 158 89 142 51 209 125 16 48 94 57 163 126 -13 10 110 28 60 -17 126 65 104 53 143 0 164 46 199 22 12 55 20 115 84 73 113 46 125 200 137 106 141 163 63 167 137
61 73 159 10 44 165 94 116 108 172 38 194 -5 74 122 -6 24 145 137 85 66 107 117 97 63 -18 49 132 89 28 118 73 187 203 181 70 202 43 25 198 159 84 177 108 84 2 -18 86 -3 132 181 18 28 149 53 173 -10 173 5 91 160 172 27 122 108 38 160 8 62 144 6 3 74 103 -12 166 20 18 203 55 83 96 20 25 143 186 0 163 190 85 5 19 58 140 138 196 67 44 -10 146
51 54 68 179 -12 74 204 154 -2 17 38 44 43 157 102 142 130 133 108 137 35 56 172 7 -7 -10 79 134 62 103 81 2 127 116 88 56 79 124 194 120 140 106 36 54 128 176 14 151 142 0 184 105 58 167 78 162 195 74 139 151 142 126 -4 16 173 129 202 87 101 122 165 175 174 127 82 184 209 201 184 176 118 122 59 65 120 39 177 24 10 -7 22 123 147 32 22 76 -17 87 5 94
65 82 101 184 57 21 75 9 77 -5 198 61 88 160 168 193 10 146 119 190 13 111 179 7 48 131 73 0 172 151 47 197 67 50 107 190 150 65 74 53 145 32 66 181 135 32 196 -6 77 -2 24 173 171 105 36 159 89 107 59 172 135 62 48 -14 7 90 157 139 109 166 141 175 197 86 182 190 87 -2 51 145 -18 -3 80 197 151 149 119 119 166 163 64 198 30 89 159 87 64 21 189 178
178 20 68 93 4 129 21 55 134 115 -2 162 189 17 157 -10 185 201 161 184 -11 132 20 133 -11 16 76 149 -3 170 112 152 94 208 91 148 198 43 77 50 165 30 96 153 98 -15 -11 81 39 46 131 118 132 80 88 118 149 29 95 143 24 31 66 186 99 -9 67 103 96 32 163 94 96 -18 53 202 27 -15 88 100 -11 70 160 193 151 1 6 89 35 4 131 32 7 189 75 142 -8 56 13 8
70 -5 173 186 136 71 151 57 88 195 157 80 84 25 159 42 144 42 65 195 -15 0 59 188 147 52 116 163 113 103 28 208 197 30 139 -21 159 166 140 -18 123 110 149 196 -18 -21 49 200 156 179 167 13 -14 130 189 14 156 101 21 5 10 56 99 124 134 135 -6 77 25 165 9 -18 143 -5 17 26 152 196 154 17 110 8 136 0 181 44 86 -10 200 14 -4 68 159 177 -21 105 164 68 65 68
112 48 22 178 130 64 -3 79 124 73 79 8 148 11 180 207 -10 96 72 133 145 115 127 54 7 139 168 95 -7 -20 158 209 95 150 160 -4 -19 113 149 188 144 143 164 139 86 165 73 100 -11 46 101 188 174 91 76 71 194 0 172 150 105 112 148 3 163 63 33 122 73 120 145 134 202 198 157 97 155 -13 164 151 128 138 175 193 175 20 31 202 165 52 17 100 -7 177 135 101 89 109 61 -12
70 7 185 13 -16 118 89 16 55 71 125 45 114 -14 100 62 153 110 157 63 173 23 114 65 -6 55 173 -13 38 56 55 49 -7 49 80 204 147 0 130 91 207 150 -21 -12 186 88 178 162 91 195 28 -10 67 187 166 132 90 56 147 142 99 1 149 112 175 149 3 -4 168 119 21 56 6 124 37 166 41 163 70 157 34 133 138 89 115 202 190 198 203 46 24 204 45 132 114 -16 186 2 154 209
72 151 -9 175 3 126 96 60 89 60 44 180 23 92 153 41 54 183 92 89 161 181 125 13 209 31 4 -8 96 23 150 194 171 29 149 97 192 129 162 -3 60 54 161 198 70 166 165 11 125 6 101 158 104 155 15 132 77 76 105 205 146 58 16 55 104 65 32 128 -6 6 141 166 151 24 50 161 192 63 4 63 131 43 112 129 93 42 65 149 85 129 74 136 55 124 65 185 203 127 35 81
129 69 23 150 188 66 93 25 146 157 148 113 28 154 62 69 112 69 115 87 35 9 -1 68 18 90 23 55 155 65 126 79 95 70 123 6 147 172 3 36 19 112 53 16 112 151 53 120 44 146 -19 95 77 203 130 -3 124 170 94 103 66 13 168 -21 206 131 151 155 104 204 67 122 204 199 125 129 189 3 -6 160 51 107 20 125 203 140 58 82 161 124 12 67 103 23 112 -1 100 48 74 83
26 17 9 -12 8 -4 166 66 103 51 201 -7 -18 169 146 -13 87 115 132 110 187 -6 121 77 99 30 47 -17 -2 57 124 89 -20 71 -9 -18 148 87 52 167 73 83 -14 45 169 88 -13 200 95 -11 77 207 20 119 142 98 119 -10 15 52 51 30 177 108 34 38 1 81 18 42 209 63 129 135 184 196 157 175 201 67 9 156 -2 161 187 108 131 -9 100 81 198 84 97 48 173 164 77 60 53 96
62 170 47 189 192 37 166 189 104 89 40 122 106 194 83 46 -7 195 161 13 161 -8 155 189 80 78 -15 8 189 27 195 122 89 157 50 188 198 58 61 20 -5 169 151 183 -15 133 -12 12 14 131 -16 130 124 193 112 7 104 131 161 59 152 130 53 4 105 93 104 204 6 109 53 144 167 56 157 68 154 -1 32 162 81 200 37 50 157 -2 90 202 192 37 49 115 87 107 135 169 178 34 174 13
101 109 82 -15 5 -21 197 186 208 177 150 65 19 101 53 20 95 139 156 41 206 143 165 105 187 205 154 111 26 202 -19 94 153 168 77 94 -8 169 90 39 137 73 -5 102 2 94 129 60 28 184 57 57 48 5 -7 28 14 -14 57 109 168 25 183 83 76 194 74 167 138 200 94 -9 -21 12 168 57 56 99 71 76 60 177 199 137 170 131 16 -8 114 69 32 108 187 79 184 67 34 72 71 62
63 167 0 13 207 -6 28 100 106 91 149 -5 58 164 108 110 63 145 204 72 112 59 209 195 47 47 126 170 -6 29 83 143 179 175 148 163 44 -13 85 78 64 42 192 0 140 161 135 144 88 75 -4 49 171 105 75 -21 194 110 -18 103 60 5 149 37 10 139 6 84 83 161 206 166 48 40 186 12 65 92 84 194 34 91 -9 162 -4 160 183 91 207 149 17 167 148 187 57 124 129 160 8 76
36 174 45 49 124 84 -15 18 48 192 171 46 27 30 92 85 7 127 196 56 -13 153 54 20 157 162 157 176 106 -2 194 133 144 50 43 160 91 2 106 153 177 61 192 41 163 161 38 77 40 8 199 0 181 190 104 135 147 20 76 171 9 136 90 124 100 -5 16 120 193 195 185 88 162 0 173 34 97 125 35 150 204 13 92 103 107 30 63 199 176 143 43 157 107 197 -1 159 -6 101 39 32
146 4 58 198 43 78 52 170 149 -5 99 165 1 113 150 159 49 86 57 140 24 174 184 56 -6 49 74 125 -20 -12 156 103 59 207 118 48 128 10 83 62 107 160 36 176 189 124 112 23 75 1 1 132 183 113 57 22 5 4 75 185 14 87 33 170 197 163 47 39 108 33 100 75 58 65 16 97 186 56 135 132 13 57 45 65 135 12 75 147 147 129 49 -19 36 10 9 60 21 113 83 -21
39 -8 158 202 -16 81 -12 49 68 204 136 206 127 104 166 187 75 52 93 169 148 29 170 182 34 186 19 10 -7 40 133 6 187 42 165 164 108 105 14 92 177 -9 -7 67 193 166 0 169 196 203 181 52 3 79 154 149 95 144 19 151 66 146 88 98 75 123 194 207 35 108 74 99 40 194 115 46 59 -5 95 28 90 72 146 164 181 63 127 124 161 135 130 52 87 123 -4 20 190 79 23 60
-5 51 -8 155 135 201 110 60 126 98 98 25 85 86 -13 183 57 133 -7 198 207 -3 68 158 4 195 132 132 152 70 155 60 202 159 109 172 203 20 -3 -5 139 54 155 162 41 109 85 27 33 132 77 178 30 78 95 96 -15 24 24 78 122 130 167 32 40 107 27 3 -12 96 186 122 164 178 135 209 70 112 122 126 58 49 56 21 132 68 56 177 139 4 99 23 190 41 173 158 46 132 181 -20
120 86 8 27 118 196 22 139 -9 56 194 104 76 4 127 134 26 206 146 44 179 65 57 183 1 59 26 102 108 62 -2 165 24 109 161 -10 18 44 78 56 -6 61 140 22 112 183 170 78 0 -4 -10 158 101 200 95 29 49 202 26 -3 -16 62 133 31 85 79 26 113 165 47 -11 121 170 109 100 47 1 159 15 -13 -7 109 71 176 -5 132 127 50 127 99 -11 144 50 84 194 103 13 97 -8 -8
-12 118 16 86 97 12 147 -12 100 123 123 173 168 201 93 -21 -10 81 -18 148 119 76 84 63 192 99 110 60 175 -3 108 -10 59 52 76 -16 114 103 29 -11 169 163 105 118 51 -20 -14 117 102 31 206 -12 191 190 90 -14 14 199 84 182 -8 160 191 64 127 28 200 145 -2 194 65 113 115 107 132 144 16 167 22 64 22 52 97 168 100 112 123 29 16 130 29 -12 98 178 127 48 63 35 104 17
194 11 165 -4 162 198 35 74 182 26 20 5 52 88 158 148 10 4 3 53 1 204 35 158 104 65 199 9 42 177 11 191 -20 -4 153 139 207 204 62 13 157 92 124 88 66 50 103 8 150 31 116 65 158 155 117 172 164 196 142 139 153 -9 18 67 46 20 125 188 207 72 -3 164 1 32 186 43 118 2 12 31 114 -4 35 90 -17 132 136 160 -9 61 7 -19 68 82 101 164 54 108 181 86
134 60 55 207 192 182 -20 105 207 113 4 196 66 182 -6 129 146 166 51 10 -7 207 119 -17 181 52 30 55 147 159 88 156 121 84 105 -15 18 134 138 77 121 206 63 176 43 110 -11 86 4 167 143 129 199 63 197 209 146 183 129 101 122 200 167 46 82 58 137 31 84 131 22 118 68 79 75 198 -13 -10 47 160 160 6 34 77 175 204 88 204 55 81 84 87 90 36 56 53 20 144 46 159
11 49 34 83 178 79 29 52 149 99 121 144 121 -17 199 61 160 29 -12 118 -18 73 124 58 14 3 193 182 76 142 79 173 -13 39 31 124 149 141 41 99 204 83 184 -18 71 147 151 156 185 6 148 58 54 94 47 76 -21 145 74 196 -5 90 69 66 141 152 148 145 68 27 168 16 129 128 110 155 37 179 46 177 193 108 27 194 104 201 137 89 146 26 29 21 76 161 194 155 102 196 58 163
89 183 121 5 174 186 170 200 136 142 173 192 91 64 92 102 27 54 33 191 34 174 73 22 137 164 65 159 62 185 129 134 -6 143 127 185 123 15 55 125 136 23 124 184 40 142 78 190 30 -3 87 22 -15 150 95 46 12 172 47 33 -12 202 20 19 183 209 175 100 116 -12 80 197 166 106 157 127 114 171 70 91 209 56 63 8 191 27 -13 123 47 36 163 40 201 30 167 18 144 149 41 125
206 28 139 119 56 75 168 199 21 155 14 100 86 -12 73 -16 35 107 49 164 197 -1 70 105 58 34 193 94 126 208 160 3 134 -17 98 -1 -4 153 176 35 71 -3 106 75 171 109 148 -1 205 18 45 131 105 208 33 190 158 150 87 76 191 162 161 90 193 176 93 95 183 65 179 59 44 -3 189 113 96 169 20 20 37 -2 51 -5 5 153 -20 41 40 78 -3 -5 47 145 188 95 177 59 17 14
146 151 110 208 131 175 136 182 174 194 7 179 174 29 130 -8 47 124 148 35 189 -10 188 -5 8 66 181 77 1 187 107 57 10 -13 -7 134 130 166 141 192 5 189 87 54 126 43 191 155 87 107 -12 25 101 37 74 168 81 102 64 124 90 152 138 5 198 -4 145 155 199 60 150 50 32 201 140 49 142 124 16 165 115 179 178 157 13 60 111 120 198 136 -18 145 190 170 131 134 182 172 184 128
137 1 26 126 103 144 33 46 185 66 195 -21 113 163 73 118 84 111 86 156 20 80 102 118 81 124 172 52 185 200 86 100 -5 174 49 40 19 201 209 97 140 176 208 23 36 157 104 140 22 -7 56 48 156 79 138 173 -19 192 64 52 29 45 54 71 154 123 -15 -9 98 44 -18 116 209 66 -5 30 112 189 47 202 180 115 197 183 189 -1 2 208 -18 130 165 205 -19 46 79 146 154 32 13 201
34 86 195 18 183 46 24 56 119 133 -16 -5 142 77 59 -20 55 158 44 30 70 149 196 0 89 85 161 45 205 166 164 118 194 47 62 81 17 -9 19 35 159 -10 -9 98 180 75 35 18 96 58 106 151 13 -19 98 -17 196 -11 104 49 95 162 116 84 94 140 45 178 9 53 49 44 48 19 169 138 -2 163 204 156 186 131 118 177 17 123 23 117 48 103 129 69 48 144 108 192 62 67 57 91

71 50 143 27 30 11 0 92 111 209 -4 144 96 95 15 200 201 42 116 57 148 101 154 22 60 65 203 -6 32 80 141 76 134 -20 72 119 147 186 37 47 97 70 159 209 23 126 2 167 69 72 36 133 132 106 -15 148 25 31 165 16 175 193 198 204 31 121 202 132 26 73 125 115 42 71 160 103 157 17 -18 104 -19 42 7 94 -11 75 80 164 181 133 203 -1 17 201 80 24 44 69 142 181
89 60 101 171 169 77 13 137 134 81 107 3 21 208 62 173 169 29 108 188 104 170 180 47 -13 -20 140 166 208 167 137 -12 92 54 142 63 27 48 155 109 180 111 196 167 191 68 208 4 50 -17 -7 101 122 -21 122 143 -19 158 25 73 -9 98 186 33 127 44 160 133 144 68 164 40 80 152 195 117 178 -14 75 95 177 42 208 -1 178 93 169 63 170 -2 -14 36 24 9 71 -13 -7 72 132 116
7 58 14 62 87 96 15 64 49 129 147 71 58 80 134 154 144 137 -8 95 203 51 69 194 183 68 7 157 27 149 198 198 50 193 199 111 20 113 20 142 83 5 36 24 44 3 51 95 133 107 65 52 148 158 131 160 103 45 -16 103 36 48 31 44 36 60 65 -20 182 128 15 126 81 2 90 190 43 171 187 107 95 94 200 83 -19 24 33 53 194 192 170 23 132 55 171 2 180 13 2 6
206 186 -6 37 187 160 185 122 -7 204 -11 171 57 196 93 46 21 47 205 119 116 53 188 204 81 19 156 193 177 37 17 -19 182 -15 27 4 139 79 154 57 -20 105 177 138 110 -2 95 142 10 6 55 -21 166 34 13 90 8 32 14 161 195 58 36 61 43 47 106 29 0 194 85 87 94 79 159 78 142 46 14 158 159 188 156 186 147 124 0 44 -1 78 106 22 81 25 17 7 32 68 63 -5
58 166 137 51 201 184 27 79 -20 154 120 37 75 77 164 81 164 157 190 -20 19 189 101 207 60 122 110 118 7 113 -8 -10 77 111 59 84 10 52 149 59 47 23 84 115 155 139 206 78 124 -13 40 163 7 103 92 184 131 121 112 98 148 135 57 71 -18 60 163 155 150 209 186 53 -8 109 92 40 84 42 80 151 84 188 164 -2 36 90 195 35 208 183 174 97 184 75 70 30 15 -14 22 76
111 96 47 137 23 115 10 11 104 45 8 92 182 7 109 196 163 8 115 132 108 40 -19 152 46 3 157 119 209 22 141 33 193 115 108 167 19 150 42 9 25 108 74 188 55 88 47 36 84 22 52 34 149 105 195 140 207 8 49 176 96 33 45 119 -19 4 35 104 130 31 176 21 166 164 27 20 182 206 172 -11 81 76 196 124 63 78 82 158 24 22 0 159 165 200 92 103 102 8 -14 76
35 89 51 93 -2 3 -3 -17 53 185 106 50 189 193 133 18 202 4 5 168 61 106 156 148 135 145 166 147 11 189 207 189 75 89 -6 1 113 4 74 -10 50 111 84 198 95 175 155 4 111 0 185 -9 134 139 85 1 75 -4 95 8 4 122 183 17 139 132 154 171 144 108 91 112 24 28 144 84 194 124 133 147 50 198 52 -5 168 135 164 48 184 128 -16 4 145 118 77 120 0 29 129 154
177 82 156 67 119 191 116 161 -13 57 30 108 131 -9 204 29 164 12 13 208 109 98 165 48 154 170 125 45 188 81 51 94 182 111 45 117 99 72 174 175 107 69 70 41 7 188 -10 55 19 108 15 151 186 154 2 77 128 78 117 36 152 7 141 121 38 73 20 21 186 52 155 170 138 42 -20 130 193 44 144 9 93 4 7 173 56 3 26 43 159 45 68 124 115 16 65 127 43 127 5 84
101 176 22 78 6 151 -5 105 101 146 109 54 209 182 172 24 192 193 136 47 115 63 -11 47 77 69 172 194 137 139 145 72 152 143 93 198 166 9 -11 65 99 108 83 5 205 -20 81 79 -1 36 111 158 151 63 71 -2 39 16 126 3 108 99 138 4 176 147 45 203 -21 29 -17 -9 125 118 26 131 35 93 13 54 72 -17 204 0 81 183 163 153 160 109 102 31 190 137 47 194 82 139 178 194
156 190 -6 94 54 183 87 17 67 152 202 194 90 25 150 115 193 106 156 55 166 202 -7 14 41 47 192 186 147 52 2 188 27 124 -15 -18 68 175 38 33 -6 205 196 188 7 129 -8 57 155 11 131 -1 123 1 35 187 164 120 71 -2 136 -3 159 81 162 55 188 129 168 11 209 -4 51 139 138 167 160 -5 -3 197 48 205 98 79 12 62 131 174 52 180 66 63 -11 69 122 196 167 200 105 91
58 -15 -6 205 -6 146 -10 13 -1 156 149 206 -5 10 19 112 194 5 126 131 44 115 70 159 39 144 -19 190 176 81 203 33 -21 79 176 23 204 153 185 4 99 120 160 177 24 100 9 194 37 201 7 84 202 -5 120 142 164 2 87 169 69 3 165 10 94 60 88 124 15 4 115 205 42 50 126 160 84 64 189 136 31 70 77 169 -11 9 155 209 78 200 65 125 118 -7 137 149 79 143 185 7
92 85 132 86 108 62 -7 110 192 28 144 1 37 68 93 53 134 172 101 114 135 117 207 -4 161 28 120 96 180 205 115 205 117 169 86 182 45 159 145 56 162 134 53 17 3 -1 116 149 -7 189 26 64 127 166 94 202 28 129 119 47 -18 198 56 178 -13 99 93 141 79 127 164 124 75 178 59 21 73 204 -16 192 184 45 118 78 -10 44 -20 121 129 135 59 202 113 200 134 120 150 136 187 138
48 93 66 -16 5 60 66 207 98 2 80 12 146 25 185 181 192 2 43 -4 22 54 35 85 134 102 177 129 191 140 117 192 141 94 71 20 6 101 188 184 188 198 2 114 84 96 31 178 110 197 78 -17 203 27 76 8 50 81 41 153 4 163 15 204 -15 105 146 70 145 168 81 198 184 31 208 110 188 86 90 131 -15 208 134 175 45 86 201 89 126 61 102 117 82 45 193 -15 129 167 177 88
12 84 125 36 -13 26 93 188 19 26 151 3 94 56 86 3 125 17 97 57 58 5 82 52 169 46 125 6 191 101 184 139 116 61 8 0 -19 79 83 188 181 154 -20 182 32 -16 85 146 199 101 200 -20 179 89 -20 71 203 180 204 161 178 79 166 75 89 -16 105 82 125 202 133 -21 11 18 10 175 -5 104 -14 35 20 76 115 98 65 141 177 185 159 32 62 3 45 168 161 152 130 204 24 0
117 154 -14 17 141 27 24 16 114 32 143 197 70 18 12 74 57 105 -5 139 153 88 30 96 186 199 -13 11 166 91 199 183 127 164 63 175 -12 -16 93 99 119 43 -2 35 24 114 -12 179 91 173 117 -10 116 131 155 155 195 -11 168 96 142 17 31 196 184 209 34 82 107 34 96 110 8 -10 13 55 158 137 80 65 174 30 58 113 0 199 53 162 203 36 71 170 81 118 -15 106 33 209 84 40
68 179 76 55 161 97 14 67 130 150 123 108 119 137 71 92 6 166 133 121 201 185 11 -2 148 118 79 179 1 178 202 90 -8 69 131 55 63 87 9 207 100 85 32 111 119 134 21 67 93 77 25 209 49 144 202 45 40 87 145 15 97 64 104 114 187 30 69 11 59 20 182 90 104 133 114 129 84 103 91 42 101 199 92 -2 -6 123 186 -3 98 114 144 16 159 71 83 78 68 137 22 166
54 123 57 51 145 148 154 118 74 67 81 124 185 202 -16 100 149 94 141 204 208 160 40 175 188 122 114 67 74 104 68 64 137 116 162 99 54 70 48 126 111 1 115 36 165 199 186 160 24 0 170 -14 101 -2 157 56 17 15 156 140 53 96 82 139 9 101 32 150 12 177 100 91 40 1 24 34 113 96 195 167 109 144 190 140 91 22 106 86 136 -5 37 116 77 62 124 23 86 197 165 40
37 155 206 169 193 138 116 -11 80 48 101 168 153 12 206 79 123 82 160 182 191 18 -3 45 60 159 42 61 25 -16 -6 178 124 158 154 149 17 155 91 118 116 49 88 33 107 27 142 -1 15 94 2 33 3 113 105 187 71 72 49 203 177 100 2 -11 51 -10 13 169 174 206 198 163 119 1 61 207 145 66 58 75 118 12 177 53 137 199 106 168 119 9 108 81 -7 35 53 12 81 174 53 7
172 -6 145 55 15 59 127 150 102 -3 177 80 114 55 207 172 19 181 194 176 39 4 49 81 189 48 85 135 85 81 172 -3 46 164 48 91 35 143 39 70 8 177 179 131 203 105 171 93 -16 -4 -12 70 117 203 171 55 79 62 171 30 173 188 184 9 197 123 161 88 71 142 207 132 31 123 64 131 -20 64 111 -18 142 -16 127 183 96 207 67 132 161 145 190 139 -8 34 206 59 127 24 122 -6
98 62 135 198 -14 66 109 195 -3 75 44 57 64 102 180 188 128 24 91 69 119 11 111 196 55 133 99 106 56 130 45 93 41 91 72 205 26 169 184 -10 134 150 199 149 123 18 155 63 35 65 62 170 181 163 99 204 180 52 85 102 176 78 194 182 21 97 1 133 164 15 112 43 112 156 0 83 66 131 103 57 68 178 29 194 154 80 176 205 84 171 38 24 14 164 182 144 -11 -10 148 17
177 117 14 30 9 11 119 124 147 36 162 130 179 106 9 33 -12 166 108 208 -7 -19 21 137 176 45 34 41 181 -7 87 94 70 116 144 25 35 28 49 121 124 60 94 83 66 -20 82 62 204 21 132 49 144 72 20 111 117 43 12 98 -21 189 108 191 126 39 193 127 66 46 105 118 0 126 60 107 8 104 75 2 -8 14 175 181 2 166 73 33 183 186 2 183 130 160 4 172 58 144 43 53
157 141 21 7 143 59 164 32 17 20 134 7 149 109 116 165 120 182 153 20 72 138 10 148 138 4 93 107 34 100 84 108 59 136 98 209 177 30 69 115 0 12 88 27 107 51 62 31 189 78 102 146 23 174 115 83 128 124 182 84 21 145 179 112 189 26 104 -15 186 175 -6 107 93 15 209 189 143 103 59 170 196 192 40 50 167 103 139 44 8 -2 166 60 85 180 130 110 15 110 55 67
183 124 66 172 154 11 36 189 179 6 13 209 103 116 43 20 63 115 166 89 -7 205 163 47 83 128 42 19 193 49 34 129 3 197 83 112 97 140 169 -13 38 103 27 203 29 166 48 15 9 204 147 40 71 164 -8 142 142 57 -14 132 14 26 63 6 174 168 186 192 182 186 29 82 208 148 79 7 105 60 -12 84 145 188 -21 17 -1 43 -7 110 166 39 126 116 65 83 12 102 88 154 11 76
209 39 -12 160 62 43 55 -21 111 58 -7 6 201 1 87 85 123 91 76 119 120 117 6 20 202 77 39 101 42 9 59 179 -12 -14 127 183 37 156 175 176 8 201 123 181 -2 26 179 108 15 107 110 78 32 100 3 109 -13 192 193 182 180 12 21 52 72 0 48 108 72 172 10 84 122 182 -21 50 154 28 119 -7 31 150 -14 52 24 47 92 125 144 101 117 95 21 -2 126 -1 60 35 156 52
76 132 136 179 88 93 137 20 46 167 167 48 56 174 68 89 90 81 123 -3 157 48 41 199 53 186 136 131 82 53 106 177 132 34 0 67 -3 137 4 148 147 206 1 25 -9 195 44 172 122 51 134 55 141 147 183 9 63 138 160 204 178 37 19 90 172 208 74 160 146 100 134 143 83 171 52 161 110 77 104 116 153 53 -8 16 118 23 123 186 141 172 53 147 173 7 -4 -2 -8 140 155 32
9 36 82 148 164 106 188 136 3 169 -3 178 198 114 201 -19 173 64 187 206 123 120 -13 168 72 127 182 143 202 117 -2 13 31 153 88 181 158 114 -18 133 150 146 80 25 72 150 26 69 191 158 62 46 117 183 103 51 -18 54 51 55 26 132 80 84 55 17 198 36 -3 66 189 91 55 55 164 6 44 -12 104 192 183 36 179 203 120 103 90 62 121 74 11 123 130 136 168 119 168 25 90 122
172 187 202 21 -14 -19 103 -10 62 -6 56 186 37 155 41 168 27 29 11 8 165 54 -7 60 70 1 184 72 203 23 40 185 177 -7 24 42 208 152 162 150 53 135 201 168 195 30 160 66 35 61 44 128 -2 11 50 3 24 51 76 35 65 111 33 39 67 -14 -6 154 94 39 -7 171 128 109 80 32 -8 14 188 83 60 45 -12 27 209 89 43 197 35 5 181 91 111 49 61 35 98 71 -7 205
89 79 97 54 136 -2 143 109 51 100 19 145 132 108 1 1 191 122 -13 -9 134 133 29 42 30 187 16 78 171 124 169 29 115 119 146 33 87 185 149 22 88 174 139 130 142 106 83 -12 78 126 87 86 181 118 168 124 72 207 41 62 3 -10 127 3 -11 42 179 104 28 168 67 77 94 74 155 -8 -21 187 3 165 50 47 111 83 205 125 1 -13 96 72 156 122 11 108 -8 -21 68 164 67 122
185 68 153 150 186 -8 199 130 89 161 121 61 50 140 108 5 52 77 193 50 198 1 46 120 169 95 84 71 43 46 106 41 202 203 91 68 59 81 193 170 138 94 185 -9 172 102 125 130 66 -11 165 192 -7 -12 19 133 166 51 30 106 6 43 -5 73 150 116 41 207 199 188 153 16 209 48 82 182 31 184 150 97 52 32 -2 57 9 113 36 83 -12 -12 17 134 136 15 97 45 21 185 191 30
79 34 54 46 115 209 84 103 70 1 169 87 39 146 22 192 130 157 164 196 200 139 -6 0 35 40 85 188 49 68 50 48 8 81 129 10 64 35 87 -13 9 49 115 -9 164 109 13 203 -1 42 73 158 12 202 99 141 -7 98 74 -16 87 191 75 10 158 61 203 134 201 191 96 204 170 57 56 125 85 104 -7 112 51 79 190 76 144 4 188 70 103 157 51 202 101 31 162 165 176 56 70 164
66 -9 21 54 29 -3 127 197 100 189 2 4 151 134 98 60 78 135 -5 46 22 39 101 71 174 52 131 201 45 89 -20 67 155 176 4 178 77 5 67 124 160 -21 167 81 109 174 19 143 29 -7 -14 16 92 61 34 153 196 81 116 80 56 155 147 61 8 -17 97 201 177 189 9 158 209 194 204 1 26 87 18 -16 16 147 78 5 181 47 35 -5 49 197 25 57 88 -9 117 102 87 68 64 70
2 199 51 -18 91 24 -4 21 186 139 71 81 102 -12 51 165 9 134 38 109 96 161 -8 164 195 121 -20 2 184 42 177 78 92 2 133 143 208 200 69 145 169 185 4 43 98 -18 135 -21 28 88 192 117 52 165 40 59 142 34 89 196 -1 119 -13 117 181 48 107 96 176 183 192 34 9 192 15 153 69 92 184 106 153 100 47 164 14 10 204 42 177 148 26 180 59 136 127 38 119 -21 43 11
16 3 132 183 37 198 139 79 105 19 136 35 155 26 50 155 153 34 43 -10 47 194 112 67 171 3 -21 138 109 27 125 38 135 156 -20 51 162 123 166 88 142 39 -5 27 54 166 126 156 109 21 35 28 174 187 156 15 24 148 -7 139 58 117 126 208 2 103 170 96 58 72 204 43 66 66 179 192 182 123 104 67 198 39 -7 72 29 5 192 52 39 164 9 197 -10 24 137 10 138 205 159 39
24 63 180 58 113 -18 197 30 195 137 181 90 190 14 160 32 97 105 -5 53 136 205 83 208 128 95 21 90 93 5 15 24 91 13 110 58 58 191 132 99 206 125 100 59 151 132 128 97 36 41 134 171 150 78 149 143 44 123 146 144 63 167 115 183 181 167 186 122 101 -20 84 86 50 149 104 148 183 35 59 209 194 173 136 119 -3 -15 115 189 32 82 64 60 39 65 -20 156 181 9 11 184
58 -11 139 106 113 106 9 154 104 25 184 198 159 85 186 -3 59 101 196 112 85 27 51 28 59 73 -10 1 32 96 175 206 37 142 -19 36 194 161 35 123 145 68 174 33 23 182 -21 -1 189 -1 30 60 149 158 45 91 22 138 -12 42 185 47 46 6 159 94 29 159 -18 57 -5 86 173 52 153 162 1 -4 107 13 42 164 201 37 -21 109 45 15 189 7 67 139 78 167 199 100 68 110 -8 197
139 128 154 109 193 63 129 174 -1 207 149 201 191 4 19 100 205 16 66 -11 7 38 173 171 39 125 152 155 0 56 91 163 101 120 22 122 75 55 208 118 33 29 80 145 139 139 7 47 176 137 58 9 195 90 24 75 183 30 116 194 52 19 201 55 109 165 92 30 140 155 134 189 65 87 202 119 203 204 203 47 98 45 39 166 49 130 169 192 167 129 8 166 124 74 34 31 -15 75 175 91
198 103 178 185 158 110 140 175 139 99 175 16 204 100 4 107 -18 17 32 196 139 11 178 -2 -6 127 151 105 196 65 60 40 9 20 -10 43 51 109 93 196 115 84 157 -6 194 56 103 109 204 203 130 179 119 108 177 90 105 -1 125 67 25 128 181 139 138 170 63 145 106 190 50 20 207 -13 3 195 203 -20 -3 -2 199 48 -5 102 67 208 174 72 62 109 65 29 60 132 162 206 170 -14 187 201
143 99 203 133 151 -18 64 106 196 202 194 88 77 15 202 49 11 9 161 103 -10 -11 66 50 10 35 144 166 64 204 -3 94 190 162 -8 11 -12 58 170 42 168 46 197 70 103 149 58 37 158 75 -3 127 0 -13 -13 179 5 -5 150 23 -14 186 124 103 101 11 -21 182 -16 19 161 -17 165 58 -4 155 60 43 61 160 167 114 109 3 47 161 146 189 60 156 95 73 11 89 124 103 163 209 -6 58
16 147 113 56 159 41 90 67 138 16 128 122 30 7 122 54 123 207 42 69 67 -9 50 162 -17 -10 147 -19 205 11 99 192 28 162 115 188 156 7 17 69 78 151 -5 34 204 24 45 175 120 45 1 209 72 167 129 133 32 116 195 55 -6 19 76 161 106 207 39 64 187 193 96 78 27 179 158 -20 202 98 156 101 64 149 55 114 37 171 187 -10 -18 95 183 73 103 19 101 -15 193 194 47 47
59 8 51 -16 67 125 186 191 44 -12 122 15 185 55 55 10 25 88 178 149 188 98 142 132 -12 137 75 135 -17 55 -21 193 109 45 177 206 141 -7 173 71 8 81 60 53 149 38 208 18 171 135 52 198 99 201 125 -19 14 21 121 203 147 93 87 68 186 142 203 62 55 139 -17 207 56 69 65 -8 82 174 209 61 153 32 110 200 189 73 201 -13 31 55 184 38 24 32 52 90 73 143 1 5
48 196 172 87 167 55 157 28 102 -3 -21 18 138 0 90 199 172 18 16 26 161 53 187 161 157 85 166 -14 64 46 53 178 115 68 108 58 73 48 191 68 37 125 6 50 -8 2 90 22 207 34 196 201 98 157 10 156 147 172 3 94 167 44 20 171 142 54 115 142 198 16 139 148 39 152 192 67 167 -4 48 60 94 58 -7 154 178 -9 97 21 166 35 177 -5 156 10 128 33 163 -9 25 65
40 160 7 0 43 7 26 -17 141 180 189 79 49 152 141 151 119 116 44 176 50 206 3 150 38 153 18 -15 152 129 189 24 64 119 -1 -21 101 125 103 166 11 -18 -19 69 30 205 6 48 176 161 35 86 193 203 122 2 175 147 55 153 54 47 79 137 70 70 8 -4 22 133 77 132 99 209 93 38 124 203 195 34 9 79 37 102 108 75 145 167 85 169 202 -4 123 204 145 49 84 32 205 72
54 13 -11 39 22 99 46 3 154 138 62 92 201 110 144 169 153 -21 109 207 64 40 42 123 104 184 83 40 13 -9 141 21 108 162 89 183 106 29 160 122 124 113 23 142 147 200 20 113 -7 38 18 189 143 172 90 161 55 83 85 100 201 58 103 162 150 163 112 198 10 86 180 92 124 46 105 179 113 92 -14 42 113 19 18 -19 123 172 185 88 199 92 90 158 128 -18 112 144 4 117 196 -5
194 70 205 9 183 141 122 185 85 124 89 79 90 40 90 133 141 94 151 13 6 81 103 80 115 182 121 -1 30 141 75 29 61 33 193 55 105 150 171 71 66 58 131 193 70 25 186 162 16 117 173 -7 -21 113 -21 27 74 179 135 4 65 151 71 80 203 49 118 73 138 96 126 97 29 59 14 45 107 92 133 89 146 203 190 120 78 175 193 87 98 57 112 139 161 -3 105 183 7 167 176 185
186 2 129 -12 160 83 147 155 123 162 151 136 150 180 33 125 135 -20 142 125 113 132 185 89 16 109 80 186 172 73 70 49 200 149 168 177 206 199 2 145 46 106 71 22 111 33 199 136 7 132 189 132 15 197 200 93 159 136 -19 100 21 -15 103 27 99 51 19 84 55 185 160 105 175 199 205 69 133 -14 10 190 42 116 -9 169 71 141 39 160 -14 7 73 19 136 192 127 182 -11 -20 156 147
172 204 109 58 157 174 65 190 131 136 188 84 117 199 -5 132 1 162 158 26 -2 -20 66 9 133 108 56 -18 119 206 141 106 178 172 112 9 116 -1 180 1 109 138 126 180 7 83 30 93 152 140 79 62 39 103 178 49 48 117 86 188 199 195 169 -1 109 60 66 89 208 -12 133 -10 -15 123 171 170 92 4 -7 11 40 207 25 73 13 171 178 54 101 61 3 35 10 41 -10 41 55 70 -21 157
48 114 174 111 195 64 198 17 1 46 158 -18 104 153 -1 207 162 83 44 165 -15 27 -6 123 62 65 76 53 12 139 4 44 103 41 65 19 192 164 76 102 57 -12 -7 20 71 163 193 -5 166 -13 92 14 179 186 14 26 29 75 97 73 48 52 58 46 128 55 186 94 199 -16 132 53 66 199 -19 30 52 103 166 169 43 30 196 54 120 67 50 46 134 177 116 93 35 206 44 68 28 -8 -6 160
149 20 187 88 0 46 -3 44 145 51 125 122 32 131 90 -4 129 95 63 117 17 83 46 3 169 202 136 151 101 196 99 39 78 29 76 115 182 -20 208 -17 168 175 158 64 111 165 46 -13 71 128 133 116 186 103 39 29 -12 112 40 91 111 100 176 169 101 162 165 41 89 67 165 29 156 110 82 101 26 10 98 157 158 77 52 12 142 48 149 88 -6 37 159 -3 204 195 73 91 19 59 153 200
81 32 161 73 125 40 77 71 165 43 46 6 -4 4 82 125 33 97 102 163 112 107 -14 203 29 63 194 3 153 161 170 61 71 95 116 34 -10 139 98 49 -5 167 100 102 -12 9 38 48 -5 28 15 188 168 196 96 186 178 194 183 135 138 194 58 -11 202 112 101 13 11 -4 143 -9 180 207 68 88 187 170 -21 41 195 12 81 -12 106 190 -15 34 58 143 135 -10 123 26 190 4 90 189 100 -10
127 20 39 36 160 12 -15 87 13 -7 171 196 205 3 37 57 64 112 158 185 66 127 49 99 71 74 10 31 37 47 168 110 64 -4 205 59 92 162 2 44 119 40 32 121 175 109 15 15 207 109 169 13 158 193 102 134 200 -4 100 142 139 170 132 26 146 -5 146 113 35 -14 106 95 34 104 137 37 36 118 154 137 86 189 169 52 145 182 126 79 26 49 94 160 100 56 181 177 7 180 71 51
78 154 52 189 162 73 -5 115 75 140 151 194 -13 113 122 -3 209 112 92 117 103 182 39 20 -9 118 63 180 -2 28 142 70 66 47 15 118 77 103 146 32 108 156 19 23 81 84 115 168 106 64 25 -17 182 -21 22 128 16 -3 186 137 93 173 65 148 101 60 132 119 36 124 45 100 65 109 33 67 197 36 41 69 30 209 195 104 2 50 -13 88 143 72 95 61 159 58 130 127 78 18 81 40
176 47 120 87 148 156 167 -18 50 194 181 -5 92 63 35 196 85 26 150 151 197 186 196 95 139 9 90 25 112 86 50 49 140 86 31 120 -6 149 94 51 52 59 -10 106 48 125 19 159 135 176 37 67 170 2 195 122 158 58 112 143 191 110 204 70 144 147 70 59 120 49 192 157 43 199 30 201 8 163 185 188 77 136 76 20 117 5 130 205 145 50 -4 55 23 194 93 65 118 155 200 137
70 0 150 70 170 55 3 86 157 113 87 112 2 -3 61 206 93 -13 90 142 80 146 199 130 26 169 47 159 160 148 97 23 103 196 -8 209 135 112 113 15 31 -4 193 16 165 107 174 22 25 13 193 197 38 68 30 -14 85 186 147 109 202 175 190 120 74 4 89 176 101 164 206 146 29 101 -17 55 138 186 -21 183 160 -11 159 -14 131 146 10 194 6 184 109 206 106 197 190 185 40 5 23 83
70 3 167 22 203 152 120 114 154 120 171 58 60 113 185 66 155 105 33 119 179 162 34 -7 163 36 141 66 75 122 -14 199 193 151 201 18 160 -8 165 200 31 209 105 133 153 58 93 112 33 203 22 -4 -6 -10 126 23 170 165 71 200 196 0 75 209 25 7 192 23 55 -13 2 -7 142 -9 69 150 79 49 178 207 184 100 54 142 94 39 187 146 199 104 133 -21 140 46 66 -1 139 113 171 -19
29 57 73 160 186 180 199 101 165 -16 135 -5 95 38 128 130 103 59 63 29 156 117 162 49 148 17 47 26 103 35 -1 60 77 126 -7 47 183 157 54 40 97 191 15 112 177 4 -14 179 197 -18 -1 137 127 3 209 121 141 155 21 147 15 163 20 153 70 39 120 46 31 62 12 54 75 130 126 175 208 8 66 -15 14 16 186 30 121 152 129 118 199 150 121 71 85 104 27 -1 -7 -8 20 186
-7 41 174 5 193 71 83 31 30 41 179 159 35 98 30 85 21 113 95 148 -18 175 111 181 198 58 19 200 110 -20 173 127 176 21 60 86 175 115 190 134 4 60 61 109 51 78 201 27 123 41 33 129 12 83 83 47 -7 153 -19 189 134 -19 80 -18 66 137 23 165 23 53 143 171 -13 123 96 43 109 4 159 137 4 1 8 -12 50 195 42 128 121 101 83 162 52 126 83 25 65 31 159 107
-20 36 125 168 184 50 208 118 132 5 7 -7 152 107 38 85 198 163 -19 93 124 30 38 12 74 199 67 38 132 209 178 -3 89 0 199 139 144 106 13 85 106 173 61 116 197 121 117 89 68 2 55 202 79 110 -9 179 163 76 98 15 26 177 -21 38 118 127 117 22 93 164 86 22 56 204 140 3 110 170 94 97 196 122 -12 87 172 13 189 112 -3 165 159 -14 184 -12 173 144 7 -7 65 1
188 24 189 6 4 -12 153 -18 33 44 45 113 33 186 9 52 -3 134 59 134 125 207 65 -2 -9 55 21 117 154 121 123 160 28 6 189 -18 0 192 97 79 17 12 75 22 148 18 75 118 108 134 52 64 187 68 45 177 178 190 54 205 187 70 -12 64 80 163 203 192 86 143 183 69 170 57 64 200 85 146 79 204 86 38 204 26 95 205 84 125 178 209 11 22 198 143 90 67 14 59 66 127
108 9 86 203 8 182 150 -10 29 99 155 130 130 166 117 -9 69 178 52 178 170 -2 50 51 49 56 6 108 99 21 -14 -9 191 89 198 13 1 24 -7 108 39 93 182 42 30 142 173 47 45 153 61 -20 150 207 170 187 56 6 197 32 180 45 142 80 98 169 131 192 26 145 25 200 -1 136 70 137 99 94 132 128 127 -21 143 55 63 24 115 123 25 191 201 209 37 32 64 -10 170 -16 31 122
68 -17 51 152 -8 150 169 84 200 30 94 4 31 87 7 -3 25 114 1 95 84 141 201 31 205 74 164 -17 -6 -5 138 80 202 158 -2 90 98 172 190 89 188 -21 36 71 199 189 150 -16 86 81 28 96 88 178 66 -2 -8 111 147 18 12 102 186 23 177 58 49 133 56 56 150 11 11 22 -2 89 142 -15 138 173 145 199 2 192 48 90 194 82 193 32 16 52 58 181 10 23 39 176 194 203
31 106 157 54 162 5 144 40 -4 105 87 81 170 55 95 82 136 27 147 94 119 140 78 200 103 3 172 106 78 124 -17 -3 148 -4 99 10 127 -12 15 155 64 -9 161 123 -13 66 150 184 24 114 97 143 -3 169 198 152 72 177 4 24 96 24 181 -8 63 41 50 -19 6 103 135 65 124 141 55 54 153 92 111 209 53 37 181 37 25 73 201 119 56 91 87 84 67 11 75 168 57 -6 22 164
98 208 112 86 195 121 -18 34 42 174 200 140 197 73 34 10 209 94 -13 169 83 178 56 139 65 -1 33 54 163 108 119 104 110 62 156 93 26 101 56 8 7 114 118 19 208 4 28 -20 33 82 162 -8 112 106 82 73 59 195 39 202 -10 -9 125 150 67 73 37 15 3 -6 144 149 65 120 112 195 1 104 38 118 119 78 81 204 112 41 16 106 28 158 18 -14 167 -14 82 203 12 185 206 166
35 205 152 0 65 18 151 161 157 64 111 73 -9 6 62 203 186 40 71 65 2 76 -15 144 15 46 204 148 64 111 170 156 65 -7 201 101 179 85 159 131 67 103 91 191 115 144 128 85 65 155 46 199 -7 43 32 136 71 -2 11 78 192 55 113 114 134 151 85 179 195 98 186 52 -11 9 -10 102 201 56 157 150 74 28 95 -5 141 107 135 157 42 110 65 134 -6 41 54 159 63 87 -5 146
119 158 36 202 143 57 182 39 91 99 185 12 48 -5 -2 179 37 47 193 139 80 98 184 123 35 61 203 107 -9 133 176 165 -16 75 72 88 205 129 116 29 125 29 198 65 46 62 189 20 197 35 204 174 144 40 -15 90 177 156 158 4 132 -3 -13 39 -2 84 28 186 59 128 119 118 -12 43 202 136 -14 127 0 -4 172 154 150 -13 173 32 4 191 72 198 78 4 12 -14 116 26 161 85 32 184
146 97 121 59 124 74 80 129 40 24 65 77 17 121 31 194 170 169 198 58 -6 82 209 48 172 119 86 25 -13 169 12 187 197 135 143 149 64 93 42 130 177 12 154 -10 129 185 75 99 119 65 80 74 151 92 205 171 25 36 111 99 183 96 -17 166 74 -1 130 106 102 124 -1 32 116 130 82 89 191 195 94 166 35 106 129 128 174 140 98 48 134 73 77 145 20 129 48 186 -20 130 123 87
43 48 47 99 87 38 156 71 -10 81 153 173 90 43 133 26 66 40 22 125 165 114 33 86 25 -20 200 200 91 145 151 138 171 144 183 -11 116 90 165 68 33 126 187 -5 46 111 166 129 152 30 116 152 134 75 149 132 161 26 7 5 124 82 38 180 84 47 180 92 -1 130 80 109 73 168 83 207 103 -20 44 209 91 148 140 20 -2 75 46 151 53 103 148 25 -17 195 27 102 15 140 179 176
124 184 -3 184 18 -5 166 77 71 20 187 101 85 50 43 87 31 206 113 111 2 6 40 -5 207 -2 -19 143 196 121 29 154 114 119 154 -19 171 51 137 83 96 132 187 162 12 115 40 98 93 -9 47 147 55 -21 67 25 -18 206 169 158 -12 6 99 104 112 133 118 40 158 154 45 152 203 52 73 121 177 14 120 90 184 109 91 88 92 45 104 64 -3 205 182 160 47 -12 139 119 106 77 157 10
181 90 208 2 13 61 48 146 160 87 150 168 77 174 11 183 34 142 160 125 149 -10 -11 48 118 197 19 131 84 -19 -19 62 134 129 154 173 148 194 85 146 112 -2 117 74 102 133 -1 92 -9 64 13 25 192 134 127 124 137 166 103 88 15 -1 -8 195 69 38 102 1 201 89 102 135 153 8 93 68 190 16 61 5 195 82 208 94 193 199 -7 165 -19 -12 185 98 186 123 106 189 -11 154 111 47
42 -8 28 132 50 47 113 105 -6 161 56 79 34 83 110 206 26 -5 89 142 48 58 71 206 16 79 40 99 26 -12 14 135 184 -18 22 34 20 206 92 119 152 188 139 -1 186 57 163 47 48 208 45 26 182 206 139 14 139 137 127 5 197 50 79 168 74 106 4 44 118 0 -5 -15 85 46 106 15 16 74 117 -21 131 20 158 130 159 162 41 59 -14 165 151 5 30 124 69 64 -6 44 -17 60
109 197 96 59 186 48 93 -15 28 120 144 185 89 25 90 139 21 69 7 106 163 207 111 199 74 166 95 48 108 48 88 149 110 34 199 165 67 115 109 196 154 149 197 78 202 107 35 159 122 29 90 181 196 82 105 33 -21 68 134 31 164 51 166 165 86 128 -14 155 20 133 145 189 3 16 63 130 2 38 189 156 89 44 120 31 138 84 74 198 154 17 146 20 89 82 55 182 -14 185 4 118
21 157 88 197 188 78 41 27 93 133 115 145 43 177 196 49 -15 178 58 45 116 177 191 159 79 73 65 163 69 192 81 104 133 160 91 -18 66 129 154 189 148 -19 69 -19 134 169 59 137 116 155 192 72 104 91 127 78 31 65 208 182 67 32 163 -2 91 27 113 7 26 199 -9 -19 -20 -6 72 80 112 23 49 111 34 177 204 105 10 27 -9 136 3 191 38 37 191 134 36 -2 140 111 188 166
209 149 35 163 181 32 187 90 151 64 15 62 26 96 160 26 90 88 -16 140 169 56 154 1 104 62 -9 25 22 83 138 132 159 -8 158 99 14 -14 146 192 128 -6 69 98 166 38 -12 131 9 -1 197 59 11 9 196 127 14 171 110 46 68 110 -13 8 93 23 -18 47 1 -6 0 207 50 26 168 203 166 208 85 186 111 186 -15 29 43 -13 60 23 100 153 173 130 198 -12 51 183 26 141 160 65
89 187 177 -6 31 18 78 -2 194 47 23 -16 198 175 155 17 80 108 85 17 96 127 146 207 60 32 88 -10 187 143 88 16 121 -15 56 156 43 80 173 79 22 9 149 55 26 60 105 187 187 167 181 62 -12 7 26 204 187 168 94 -9 150 25 81 170 69 31 196 70 55 182 22 134 -20 79 35 35 12 193 36 158 135 13 53 154 11 93 53 51 56 -13 209 26 45 199 189 142 202 177 97 198
150 188 166 169 111 193 97 64 196 84 54 18 -3 25 43 173 197 124 156 8 104 44 -17 71 75 148 190 72 84 111 156 63 36 57 190 -14 137 -10 127 72 168 69 196 11 132 196 78 146 171 165 -7 92 107 -11 33 -20 43 201 150 -6 128 84 124 153 187 8 -12 205 164 40 63 186 112 45 19 149 191 183 -4 36 38 66 5 46 0 130 18 87 52 44 146 -16 90 -4 59 80 193 88 8 100
127 40 116 98 85 119 54 -13 174 17 2 103 96 12 209 39 147 111 57 28 110 29 30 100 145 -14 91 23 66 6 97 85 5 171 140 59 79 40 40 144 4 99 2 17 102 -1 72 153 93 154 99 -9 207 109 138 141 -3 120 154 192 59 101 46 151 -3 42 79 44 185 44 53 23 65 180 45 175 -19 144 183 148 189 146 156 141 2 66 -5 18 180 172 150 129 -16 172 127 97 98 13 91 7
-15 199 31 143 1 75 114 54 154 -12 185 95 2 196 153 159 17 173 44 -16 -1 51 52 14 109 194 192 184 148 151 22 69 139 38 192 71 189 61 176 61 55 4 192 -1 206 98 108 153 86 136 5 49 126 28 73 1 119 59 110 120 -2 102 -9 -19 196 196 188 202 184 153 109 107 68 130 13 -8 173 119 153 28 56 191 132 -19 157 18 174 142 29 -21 82 139 113 95 94 30 98 117 133 120
64 186 24 54 -12 130 39 -4 64 115 123 208 106 82 164 119 156 79 -16 63 29 14 49 78 3 117 22 -8 7 52 28 -17 178 88 175 100 66 35 4 -16 122 38 78 -10 53 -19 41 170 168 207 112 -3 -4 58 193 149 207 51 109 104 50 16 46 182 150 201 195 58 169 20 42 160 56 105 183 83 177 54 143 110 108 205 100 22 173 174 80 182 189 180 40 -21 -5 -6 -13 159 179 37 97 115
118 97 19 121 44 53 -11 -14 161 202 112 159 126 145 77 50 91 85 12 35 95 98 125 49 137 188 18 120 81 102 101 78 187 143 150 115 36 126 87 99 70 28 126 83 142 95 5 178 10 -21 -5 115 62 23 202 44 10 23 -13 8 62 144 38 -21 -17 41 205 142 43 56 179 200 130 110 92 184 195 174 3 180 205 113 119 174 21 35 142 120 188 50 202 5 106 84 143 193 49 182 131 45
68 -18 84 206 57 74 71 52 191 104 -6 125 135 94 157 -4 164 150 -6 171 108 34 57 81 6 171 -17 84 0 95 78 -9 43 122 64 42 10 58 29 57 164 152 158 84 41 54 38 43 95 59 83 106 161 163 198 49 179 64 132 118 49 24 25 57 144 127 120 108 178 105 87 97 176 207 79 139 -16 196 104 81 15 120 15 -14 209 55 119 18 85 70 164 -4 35 61 144 10 192 172 183 193
3 198 164 181 11 66 172 136 187 82 12 80 105 192 47 154 18 157 58 119 196 9 94 145 41 26 65 26 39 118 56 162 -4 133 6 188 58 158 -6 55 164 199 115 4 6 83 55 142 -13 153 184 29 54 100 163 10 208 173 35 32 94 122 40 62 202 34 1 -5 186 144 178 189 136 164 204 56 0 86 -5 -7 92 26 138 183 191 91 146 75 163 164 69 205 -6 134 76 89 -21 19 26 137
142 86 139 139 81 106 188 129 166 193 185 196 8 195 23 58 17 23 56 59 118 71 10 162 2 94 -9 126 57 34 31 46 160 12 6 28 108 89 72 132 157 25 4 62 84 70 98 190 53 100 180 167 129 143 19 30 189 60 155 133 112 52 44 2 144 6 134 95 92 209 172 39 152 47 92 53 180 149 37 108 -7 209 83 143 177 126 76 13 140 192 9 105 193 -3 174 2 62 145 70 160
145 123 125 96 154 141 138 153 25 170 152 81 99 141 72 123 20 89 7 176 102 -5 187 -8 130 163 28 35 207 167 82 17 161 74 14 92 15 -8 133 101 61 137 51 80 59 61 22 46 26 35 53 0 110 187 178 24 165 140 -11 9 117 98 34 16 -1 88 72 116 132 197 114 209 -14 166 50 97 12 122 83 119 65 182 197 128 202 133 42 -20 87 203 4 198 61 85 47 75 190 8 -14 16
167 59 86 43 45 152 68 73 50 21 165 24 178 103 141 17 198 29 -18 99 58 55 190 157 111 33 207 -2 130 142 12 100 87 104 32 140 189 123 111 67 124 161 31 28 50 197 185 151 119 -6 192 190 -9 -2 44 205 25 125 151 143 100 32 -16 -8 110 64 161 209 206 140 5 -15 109 153 203 -20 58 131 38 185 2 -7 73 120 160 184 112 184 59 -4 -2 93 168 187 186 18 17 158 10 102
86 179 5 88 158 75 169 52 169 -5 27 206 59 188 94 1 76 50 119 129 35 168 160 126 64 158 1 83 141 45 12 11 24 59 151 125 200 65 -7 101 99 56 44 17 -4 176 165 138 -1 146 198 5 -20 75 186 17 192 34 85 105 -9 104 162 172 184 34 208 6 42 49 188 170 162 147 97 78 19 206 -18 163 136 66 62 24 162 137 66 -15 196 55 160 114 161 175 150 119 71 -2 56 138
166 156 5 98 3 30 174 -1 -4 17 -7 31 16 154 30 194 50 6 191 122 96 122 13 123 179 77 30 199 209 188 118 61 26 0 101 105 155 30 57 107 44 42 -14 192 3 172 179 179 183 176 72 185 157 159 -7 156 177 100 53 82 16 146 172 93 17 180 86 -5 113 96 17 174 13 29 25 14 42 73 195 83 -9 124 127 90 43 206 -14 26 63 21 159 63 133 -3 1 93 28 157 21 77
82 94 29 84 90 175 147 50 117 58 209 194 191 158 129 27 144 25 50 -15 44 200 55 40 193 135 16 103 207 62 139 7 92 57 1 84 109 79 199 151 -14 64 95 7 -20 91 156 43 86 -2 158 191 15 50 5 153 101 205 112 166 23 150 61 124 98 43 3 5 113 150 84 135 201 22 85 14 125 -16 131 137 -13 190 180 143 133 -9 19 106 44 63 203 2 22 84 76 38 -13 108 34 136
0 181 59 78 -9 49 -6 203 23 43 117 48 126 77 169 79 83 196 118 168 72 198 197 20 61 175 164 111 83 133 6 4 197 94 27 127 -21 70 36 57 161 59 4 190 131 55 139 195 50 47 -16 1 136 184 32 65 -11 137 112 -11 55 -10 172 31 77 14 123 6 198 128 80 -15 -7 202 117 2 173 8 176 44 39 56 19 60 29 150 73 -9 68 118 60 -13 191 26 27 31 162 18 85 2
204 178 86 11 1 55 32 31 27 184 56 58 155 80 100 166 81 68 68 171 138 99 185 127 124 200 38 100 119 130 8 108 61 89 86 89 3 28 -8 112 54 62 65 136 8 144 36 72 19 72 35 142 42 76 -6 66 56 68 50 -8 9 44 90 46 171 33 190 101 184 146 131 3 109 47 80 96 4 18 16 144 174 -15 200 136 98 125 209 13 139 139 56 16 116 163 6 184 78 16 122 102
127 70 75 -16 147 105 -7 86 109 21 25 77 -8 172 135 110 132 93 118 -20 123 13 -12 90 192 149 -1 -7 141 90 104 63 63 191 166 150 202 -17 209 179 95 124 127 50 204 52 29 147 2 130 202 203 16 22 163 165 140 53 73 188 1 102 64 21 188 18 25 147 153 209 -2 183 87 171 46 2 206 14 23 108 6 132 1 185 142 69 112 141 81 16 141 206 180 72 31 16 199 165 21 81
92 -18 -17 46 206 101 151 58 131 184 -11 135 140 192 120 98 130 165 145 4 149 14 145 167 122 100 208 37 74 -16 76 34 114 72 5 177 133 195 98 152 147 185 3 64 124 -10 65 157 87 145 67 -12 200 52 204 55 32 135 80 147 115 169 183 143 120 79 51 50 145 146 32 -19 161 89 139 74 49 -3 12 184 28 153 24 162 163 61 29 32 68 59 96 134 -3 5 154 125 203 157 -15 135
149 47 72 91 85 98 164 114 148 182 20 -9 132 -4 20 29 91 190 122 79 -19 197 57 76 151 128 1 37 168 91 46 32 35 129 89 38 51 194 191 33 95 186 41 162 33 3 4 155 41 151 51 57 145 203 43 47 162 -13 176 134 151 4 6 18 121 112 5 16 174 181 63 42 8 188 77 109 168 -10 69 8 191 16 63 38 16 82 121 124 158 7 90 208 166 -1 123 124 163 97 143 38
144 118 181 91 190 179 107 36 -19 169 127 1 115 61 33 88 94 125 40 65 197 197 145 78 182 5 152 12 11 70 201 74 156 126 146 205 73 164 137 16 192 151 19 115 115 169 57 183 106 0 -6 10 172 196 120 16 76 114 206 -1 34 24 21 98 198 24 26 176 62 9 139 150 49 -14 179 108 123 30 23 15 148 22 187 95 16 77 102 209 200 -16 46 157 79 141 164 163 179 112 -9 165
192 198 8 78 -20 36 14 50 151 115 104 171 55 28 185 10 76 21 103 73 56 32 25 -8 154 33 135 153 41 -3 69 115 79 15 85 70 30 163 194 6 14 94 42 -4 67 141 174 56 145 68 -14 194 186 190 -7 -15 -5 64 192 96 42 -10 188 34 152 153 185 79 -6 175 -20 106 70 83 160 133 9 147 142 25 21 43 28 199 -21 178 163 122 100 6 64 60 0 19 54 125 67 156 37 47
140 145 101 52 -15 79 89 158 166 30 185 2 4 103 196 68 100 -12 -5 184 -20 90 183 5 179 49 154 180 96 -13 64 1 177 51 5 194 71 59 62 177 21 -15 70 61 169 62 22 145 18 113 176 3 37 119 81 64 187 90 64 76 40 -14 91 151 124 194 38 38 84 -20 172 69 -8 26 81 34 -10 202 198 33 134 88 195 -18 196 14 156 109 -21 -5 177 40 26 40 47 125 81 88 140 205
155 186 153 209 69 208 92 156 67 132 34 56 -8 184 3 206 110 185 10 60 56 171 84 167 -2 52 -12 101 194 12 167 198 133 18 171 105 11 174 49 115 122 111 76 102 129 21 92 67 163 157 -9 106 130 117 30 -5 143 -9 168 197 62 75 84 74 -14 34 199 82 61 176 22 166 81 90 147 127 192 20 180 180 135 186 171 123 8 4 159 103 -3 31 63 -5 152 82 191 159 83 82 170 151
155 125 102 177 59 171 15 99 48 132 108 37 202 96 111 15 9 182 77 72 154 -16 -7 121 167 -6 -2 55 22 148 24 73 140 42 135 109 -13 181 181 131 192 20 152 51 62 37 -1 180 128 135 41 51 39 42 47 146 181 107 84 43 100 40 160 81 38 24 -17 91 128 196 159 48 138 -11 116 145 76 9 -10 86 58 144 45 172 30 111 117 3 13 141 0 143 192 161 181 74 205 201 95 178
170 -2 84 204 -18 -4 29 174 -2 100 115 58 132 80 3 174 147 37 23 19 16 95 -3 -8 105 127 121 -19 15 95 152 -6 120 -13 -15 120 112 191 -7 158 50 140 82 107 74 100 93 175 200 192 126 58 -15 113 28 108 25 -8 9 28 167 19 -8 111 181 -17 170 135 181 -17 91 96 74 14 57 -3 170 0 140 34 -5 182 195 162 -5 180 198 188 124 151 202 56 34 58 28 36 -4 186 187 113
54 204 -12 47 63 109 61 87 22 205 176 120 110 -4 71 205 158 16 186 126 194 205 150 29 -3 98 46 203 44 119 168 167 136 76 136 157 66 154 11 83 52 60 -3 49 35 125 194 57 147 20 193 158 94 -18 208 -18 -17 19 86 65 82 95 79 167 53 161 53 -9 120 166 178 3 188 93 150 60 -12 177 28 150 120 -7 -6 -20 136 8 60 9 55 126 155 92 13 1 84 75 208 205 93 78
167 190 33 173 -14 146 37 106 10 71 -15 -20 63 112 198 84 14 138 23 20 31 88 -13 181 65 92 53 155 108 173 -11 28 141 100 121 53 9 70 168 134 202 131 190 70 131 53 189 70 107 165 175 180 20 88 140 206 172 -4 55 111 -2 172 105 53 40 200 202 10 164 156 144 161 6 52 192 59 0 149 189 187 194 142 74 100 101 30 142 134 56 164 142 48 115 -1 42 54 39 200 73 18
162 -18 9 133 164 131 47 48 -17 93 69 -14 -13 -7 206 83 -15 202 50 93 -7 143 61 17 112 189 35 70 59 125 105 169 137 53 57 -12 85 65 45 40 109 124 131 85 126 164 71 64 156 99 57 209 -12 127 7 74 -12 -9 25 129 28 193 201 110 94 91 173 63 31 108 46 171 57 35 75 176 113 125 150 41 43 17 189 87 4 150 -10 128 55 198 120 64 8 150 190 197 144 165 148 30

